-6.746975 -2.981222 6.393936
0.000003
-6.746975 -3.020448 6.354709
0.085937
-6.786202 -2.981222 6.354709
0.178078
-6.746975 -2.981222 6.393936
0.320370
-6.786202 -2.981222 6.354709
0.493083
-6.786202 -2.981222 6.354709
0.628984
-6.746975 -3.020448 6.393936
0.822188
-6.707749 -3.020448 6.354709
0.953078
-6.786202 -2.981222 6.393936
1.111594
-6.746975 -3.059675 6.354709
1.194518
-6.746975 -2.981222 6.354709
1.328767
-6.746975 -3.059675 6.393936
1.455870
-6.746975 -2.981222 6.354709
1.582630
-6.746975 -3.020448 6.354709
1.717879
-6.746975 -3.020448 6.354709
1.814836
-6.786202 -3.059675 6.354709
1.959349
-6.786202 -3.020448 6.315483
2.094869
-6.786202 -3.020448 6.315483
2.150049
-6.746975 -3.020448 6.315483
2.192133
-6.786202 -2.981222 6.315483
2.376028
-6.746975 -3.059675 6.354709
2.575416
-6.746975 -3.059675 6.315483
2.707712
-6.707749 -3.020448 6.315483
2.808312
-6.746975 -3.059675 6.354709
2.960064
-6.746975 -3.020448 6.354709
3.046412
-6.746975 -3.020448 6.315483
3.221139
-6.786202 -3.020448 6.315483
3.390235
-6.786202 -2.981222 6.393936
3.491398
-6.746975 -3.020448 6.354709
3.689379
-6.746975 -3.020448 6.315483
3.796564
-6.746975 -3.059675 6.354709
3.942916
-6.786202 -2.981222 6.354709
4.050221
-6.746975 -3.020448 6.315483
4.160931
-6.707749 -3.020448 6.354709
4.256948
-6.746975 -2.981222 6.393936
4.417112
-6.786202 -3.020448 6.393936
4.566410
-6.746975 -2.981222 6.393936
4.715344
-6.746975 -2.981222 6.354709
4.819571
-6.746975 -3.020448 6.315483
4.959217
-6.786202 -3.020448 6.354709
5.079030
-6.746975 -3.020448 6.393936
5.145325
-6.746975 -2.981222 6.315483
5.214130
-6.786202 -3.059675 6.354709
5.288186
-6.786202 -3.020448 6.393936
5.367353
-6.746975 -2.981222 6.354709
5.451742
-6.825428 -2.981222 6.354709
5.530914
-6.746975 -2.981222 6.315483
5.610057
-6.746975 -3.020448 6.393936
5.684128
-6.746975 -3.020448 6.315483
5.753491
-6.746975 -3.020448 6.393936
5.822591
-6.746975 -3.020448 6.354709
5.896668
-6.786202 -2.981222 6.354709
5.970703
-6.786202 -2.981222 6.393936
6.055001
-6.746975 -2.981222 6.354709
6.130344
-6.786202 -3.020448 6.315483
6.200965
-6.746975 -3.020448 6.354709
6.281123
-6.746975 -3.020448 6.354709
6.354725
-6.746975 -2.981222 6.315483
6.428450
-6.746975 -2.981222 6.433162
6.512225
-6.786202 -3.020448 6.393936
6.595935
-6.786202 -2.981222 6.354709
6.674649
-6.786202 -3.020448 6.354709
6.753367
-6.746975 -3.020448 6.315483
6.831963
-6.746975 -2.981222 6.354709
6.910710
-6.746975 -2.981222 6.354709
6.979199
-6.786202 -3.020448 6.354709
7.062947
-6.786202 -2.981222 6.354709
7.142279
-6.746975 -2.981222 6.354709
7.198104
-6.786202 -2.981222 6.354709
7.225655
-6.786202 -2.981222 6.354709
7.254073
-6.786202 -3.020448 6.354709
7.281568
-6.746975 -3.020448 6.315483
7.309094
-6.786202 -2.981222 6.354709
7.336565
-6.786202 -3.020448 6.354709
7.364101
-6.746975 -3.020448 6.315483
7.391504
-6.707749 -3.059675 6.354709
7.418991
-6.786202 -3.020448 6.354709
7.446422
-6.786202 -3.020448 6.393936
7.516786
-6.786202 -2.981222 6.354709
7.595595
-6.746975 -3.020448 6.354709
7.674245
-6.746975 -3.059675 6.354709
7.747908
-6.786202 -3.020448 6.315483
7.816454
-6.746975 -2.981222 6.393936
7.885084
-6.786202 -2.981222 6.354709
7.958674
-6.786202 -3.059675 6.354709
8.032243
-6.746975 -3.059675 6.315483
8.111161
-6.786202 -3.020448 6.354709
8.185744
-6.746975 -3.020448 6.393936
8.271681
-6.786202 -2.981222 6.354709
8.353363
-6.786202 -3.020448 6.354709
8.435055
-6.825428 -2.981222 6.315483
8.511787
-6.746975 -3.020448 6.354709
8.588484
-6.786202 -3.020448 6.354709
8.665129
-6.786202 -2.941995 6.433162
8.741756
-6.707749 -3.020448 6.315483
8.813401
-6.786202 -3.020448 6.354709
8.885090
-6.746975 -3.059675 6.315483
8.961723
-6.707749 -3.059675 6.393936
9.043263
-6.746975 -3.020448 6.315483
9.120973
-6.786202 -3.020448 6.354709
9.193670
-6.825428 -3.020448 6.354709
9.281408
-6.707749 -3.020448 6.315483
9.357941
-6.746975 -3.020448 6.315483
9.429506
-6.746975 -2.981222 6.354709
9.506168
-6.786202 -2.981222 6.393936
9.582846
-6.786202 -3.020448 6.354709
9.659259
-6.786202 -3.020448 6.393936
9.735873
-6.746975 -3.020448 6.354709
9.812581
-6.786202 -2.981222 6.354709
9.894489
-6.786202 -3.020448 6.276256
9.961071
