-6.746975 -3.059675 6.393936
0.000006
-6.746975 -3.020448 6.315483
0.152510
-6.746975 -2.981222 6.393936
0.449417
-6.786202 -3.020448 6.315483
0.512873
-6.707749 -3.020448 6.315483
0.671611
-6.786202 -2.981222 6.354709
0.720711
-6.746975 -3.020448 6.354709
0.821934
-6.746975 -3.020448 6.354709
0.974199
-6.786202 -3.020448 6.315483
1.029821
-6.746975 -3.020448 6.354709
1.068315
-6.746975 -3.020448 6.354709
1.126209
-6.707749 -2.981222 6.393936
1.208322
-6.746975 -2.981222 6.315483
1.254942
-6.746975 -3.020448 6.354709
1.313503
-6.746975 -3.020448 6.393936
1.424981
-6.786202 -3.020448 6.315483
1.483022
-6.786202 -3.020448 6.354709
1.536591
-6.786202 -2.941995 6.354709
1.609211
-6.746975 -3.020448 6.315483
1.744501
-6.746975 -3.020448 6.315483
1.856022
-6.746975 -3.020448 6.315483
1.973891
-6.746975 -2.981222 6.393936
2.065996
-6.786202 -3.020448 6.315483
2.160610
-6.746975 -3.020448 6.315483
2.277608
-6.746975 -3.020448 6.354709
2.494249
-6.746975 -3.020448 6.315483
2.657403
-6.707749 -2.981222 6.315483
2.784403
-6.786202 -2.941995 6.393936
2.906630
-6.746975 -3.020448 6.354709
3.005961
-6.746975 -3.020448 6.354709
3.152444
-6.707749 -3.020448 6.354709
3.288092
-6.786202 -3.020448 6.393936
3.400471
-6.786202 -2.981222 6.315483
3.595302
-6.746975 -2.981222 6.315483
3.720880
-6.786202 -2.981222 6.393936
3.883539
-6.786202 -2.981222 6.393936
4.029900
-6.786202 -3.020448 6.315483
4.191800
-6.746975 -2.981222 6.315483
4.348360
-6.746975 -2.981222 6.354709
4.505276
-6.746975 -3.020448 6.276256
4.640152
-6.746975 -3.020448 6.354709
4.760404
-6.786202 -3.020448 6.354709
4.788647
-6.746975 -3.020448 6.354709
4.811626
-6.746975 -3.020448 6.315483
4.878322
-6.746975 -3.020448 6.354709
4.912417
-6.746975 -2.981222 6.315483
4.978190
-6.746975 -2.981222 6.315483
5.077209
-6.825428 -2.981222 6.315483
5.202730
-6.786202 -3.020448 6.354709
5.292480
-6.746975 -2.981222 6.354709
5.366628
-6.707749 -3.059675 6.354709
5.436171
-6.746975 -3.020448 6.315483
5.536663
-6.746975 -2.981222 6.315483
5.606144
-6.786202 -3.020448 6.315483
5.674917
-6.746975 -3.020448 6.354709
5.753861
-6.746975 -3.020448 6.354709
5.817983
-6.746975 -3.020448 6.354709
5.886787
-6.786202 -2.981222 6.315483
5.955579
-6.786202 -2.981222 6.354709
6.029672
-6.746975 -3.020448 6.354709
6.099326
-6.746975 -2.981222 6.393936
6.163163
-6.707749 -3.020448 6.354709
6.232905
-6.746975 -2.981222 6.354709
6.313120
-6.825428 -3.020448 6.354709
6.388009
-6.786202 -2.981222 6.393936
6.463060
-6.707749 -3.020448 6.354709
6.532812
-6.746975 -3.020448 6.315483
6.607563
-6.746975 -2.981222 6.315483
6.672419
-6.746975 -3.020448 6.315483
6.747542
-6.746975 -3.020448 6.354709
6.823577
-6.786202 -2.981222 6.315483
6.888585
-6.707749 -3.059675 6.354709
6.960269
-6.746975 -3.020448 6.315483
7.035061
-6.746975 -3.020448 6.354709
7.104844
-6.746975 -3.020448 6.315483
7.179560
-6.825428 -3.020448 6.393936
7.249308
-6.746975 -2.981222 6.315483
7.324096
-6.746975 -2.981222 6.354709
7.398947
-6.746975 -2.981222 6.354709
7.468743
-6.786202 -2.981222 6.354709
7.538430
-6.746975 -3.059675 6.315483
7.613176
-6.786202 -3.020448 6.393936
7.688121
-6.786202 -2.981222 6.354709
7.758344
-6.746975 -3.020448 6.276256
7.829086
-6.746975 -3.020448 6.393936
7.899176
-6.786202 -3.020448 6.354709
7.979084
-6.746975 -3.020448 6.315483
8.048855
-6.786202 -3.020448 6.354709
8.129008
-6.746975 -3.020448 6.393936
8.203871
-6.707749 -2.981222 6.315483
8.283760
-6.746975 -3.020448 6.354709
8.358533
-6.746975 -3.020448 6.315483
8.438364
-6.746975 -3.020448 6.315483
8.523551
-6.746975 -3.020448 6.354709
8.598424
-6.746975 -3.020448 6.354709
8.673268
-6.746975 -3.020448 6.354709
8.753537
-6.746975 -3.020448 6.354709
8.829708
-6.707749 -2.981222 6.393936
8.905795
-6.786202 -2.981222 6.354709
8.980669
-6.746975 -3.020448 6.354709
9.055611
-6.707749 -3.020448 6.354709
9.125623
-6.707749 -3.020448 6.354709
9.205506
-6.707749 -3.020448 6.315483
9.285398
-6.746975 -3.020448 6.315483
9.370631
-6.786202 -3.020448 6.354709
9.445534
-6.746975 -3.020448 6.315483
9.525617
-6.746975 -3.020448 6.354709
9.595444
-6.707749 -3.020448 6.354709
9.670477
-6.746975 -2.981222 6.354709
9.750837
-6.746975 -3.020448 6.315483
9.816643
-6.786202 -2.981222 6.354709
9.897336
-6.786202 -2.981222 6.393936
9.967746
